10 0 0
10 5 0
10 5 15
10 5 30
10 5 45
10 5 60
10 5 75
10 5 90
10 5 105
10 5 120
10 5 135
10 5 150
10 5 165
10 5 180
10 10 0
10 10 15
10 10 30
10 10 45
10 10 60
10 10 75
10 10 90
10 10 105
10 10 120
10 10 135
10 10 150
10 10 165
10 10 180
10 15 0
10 15 15
10 15 30
10 15 45
10 15 60
10 15 75
10 15 90
10 15 105
10 15 120
10 15 135
10 15 150
10 15 165
10 15 180
15 0 0
15 5 0
15 5 15
15 5 30
15 5 45
15 5 60
15 5 75
15 5 90
15 5 105
15 5 120
15 5 135
15 5 150
15 5 165
15 5 180
15 10 0
15 10 15
15 10 30
15 10 45
15 10 60
15 10 75
15 10 90
15 10 105
15 10 120
15 10 135
15 10 150
15 10 165
15 10 180
15 15 0
15 15 15
15 15 30
15 15 45
15 15 60
15 15 75
15 15 90
15 15 105
15 15 120
15 15 135
15 15 150
15 15 165
15 15 180
20 0 0
20 5 0
20 5 15
20 5 30
20 5 45
20 5 60
20 5 75
20 5 90
20 5 105
20 5 120
20 5 135
20 5 150
20 5 165
20 5 180
20 10 0
20 10 15
20 10 30
20 10 45
20 10 60
20 10 75
20 10 90
20 10 105
20 10 120
20 10 135
20 10 150
20 10 165
20 10 180
20 15 0
20 15 15
20 15 30
20 15 45
20 15 60
20 15 75
20 15 90
20 15 105
20 15 120
20 15 135
20 15 150
20 15 165
20 15 180
25 0 0
25 5 0
25 5 15
25 5 30
25 5 45
25 5 60
25 5 75
25 5 90
25 5 105
25 5 120
25 5 135
25 5 150
25 5 165
25 5 180
25 10 0
25 10 15
25 10 30
25 10 45
25 10 60
25 10 75
25 10 90
25 10 105
25 10 120
25 10 135
25 10 150
25 10 165
25 10 180
25 15 0
25 15 15
25 15 30
25 15 45
25 15 60
25 15 75
25 15 90
25 15 105
25 15 120
25 15 135
25 15 150
25 15 165
25 15 180
30 0 0
30 5 0
30 5 15
30 5 30
30 5 45
30 5 60
30 5 75
30 5 90
30 5 105
30 5 120
30 5 135
30 5 150
30 5 165
30 5 180
30 10 0
30 10 15
30 10 30
30 10 45
30 10 60
30 10 75
30 10 90
30 10 105
30 10 120
30 10 135
30 10 150
30 10 165
30 10 180
30 15 0
30 15 15
30 15 30
30 15 45
30 15 60
30 15 75
30 15 90
30 15 105
30 15 120
30 15 135
30 15 150
30 15 165
30 15 180
35 0 0
35 5 0
35 5 15
35 5 30
35 5 45
35 5 60
35 5 75
35 5 90
35 5 105
35 5 120
35 5 135
35 5 150
35 5 165
35 5 180
35 10 0
35 10 15
35 10 30
35 10 45
35 10 60
35 10 75
35 10 90
35 10 105
35 10 120
35 10 135
35 10 150
35 10 165
35 10 180
35 15 0
35 15 15
35 15 30
35 15 45
35 15 60
35 15 75
35 15 90
35 15 105
35 15 120
35 15 135
35 15 150
35 15 165
35 15 180
40 0 0
40 5 0
40 5 15
40 5 30
40 5 45
40 5 60
40 5 75
40 5 90
40 5 105
40 5 120
40 5 135
40 5 150
40 5 165
40 5 180
40 10 0
40 10 15
40 10 30
40 10 45
40 10 60
40 10 75
40 10 90
40 10 105
40 10 120
40 10 135
40 10 150
40 10 165
40 10 180
40 15 0
40 15 15
40 15 30
40 15 45
40 15 60
40 15 75
40 15 90
40 15 105
40 15 120
40 15 135
40 15 150
40 15 165
40 15 180
45 0 0
45 5 0
45 5 15
45 5 30
45 5 45
45 5 60
45 5 75
45 5 90
45 5 105
45 5 120
45 5 135
45 5 150
45 5 165
45 5 180
45 10 0
45 10 15
45 10 30
45 10 45
45 10 60
45 10 75
45 10 90
45 10 105
45 10 120
45 10 135
45 10 150
45 10 165
45 10 180
45 15 0
45 15 15
45 15 30
45 15 45
45 15 60
45 15 75
45 15 90
45 15 105
45 15 120
45 15 135
45 15 150
45 15 165
45 15 180
50 0 0
50 5 0
50 5 15
50 5 30
50 5 45
50 5 60
50 5 75
50 5 90
50 5 105
50 5 120
50 5 135
50 5 150
50 5 165
50 5 180
50 10 0
50 10 15
50 10 30
50 10 45
50 10 60
50 10 75
50 10 90
50 10 105
50 10 120
50 10 135
50 10 150
50 10 165
50 10 180
50 15 0
50 15 15
50 15 30
50 15 45
50 15 60
50 15 75
50 15 90
50 15 105
50 15 120
50 15 135
50 15 150
50 15 165
50 15 180
55 0 0
55 5 0
55 5 15
55 5 30
55 5 45
55 5 60
55 5 75
55 5 90
55 5 105
55 5 120
55 5 135
55 5 150
55 5 165
55 5 180
55 10 0
55 10 15
55 10 30
55 10 45
55 10 60
55 10 75
55 10 90
55 10 105
55 10 120
55 10 135
55 10 150
55 10 165
55 10 180
55 15 0
55 15 15
55 15 30
55 15 45
55 15 60
55 15 75
55 15 90
55 15 105
55 15 120
55 15 135
55 15 150
55 15 165
55 15 180
60 0 0
60 5 0
60 5 15
60 5 30
60 5 45
60 5 60
60 5 75
60 5 90
60 5 105
60 5 120
60 5 135
60 5 150
60 5 165
60 5 180
60 10 0
60 10 15
60 10 30
60 10 45
60 10 60
60 10 75
60 10 90
60 10 105
60 10 120
60 10 135
60 10 150
60 10 165
60 10 180
60 15 0
60 15 15
60 15 30
60 15 45
60 15 60
60 15 75
60 15 90
60 15 105
60 15 120
60 15 135
60 15 150
60 15 165
60 15 180
